0	3	-294.000		0.000		294.000
1	3	-262.000		0.000		294.000
2	3	-230.000		0.000		294.000
3	3	-198.000		0.000		294.000
4	3	-166.000		0.000		294.000
5	3	-134.000		0.000		294.000
6	3	-102.000		0.000		294.000
7	3	-70.000			0.000		294.000
8	3	-38.000			0.000		294.000
9	3	-6.000			0.000		294.000
10	3	26.000			0.000		294.000
11	3	58.000			0.000		294.000
12	3	90.000			0.000		294.000
13	3	122.000			0.000		294.000
14	3	154.000			0.000		294.000
15	3	186.000			0.000		294.000
16	3	218.000			0.000		294.000
17	3	250.000			0.000		294.000
18	3	282.000			0.000		294.000
19	3	314.000			0.000		294.000
20	3	-294.000		0.000		262.000
21	4	-262.000		0.000		262.000
22	4	-230.000		0.000		262.000
23	4	-198.000		0.000		262.000
24	4	-166.000		0.000		262.000
25	4	-134.000		0.000		262.000
26	3	-102.000		0.000		262.000
27	3	-70.000			0.000		262.000
28	4	-38.000			0.000		262.000
29	4	-6.000			0.000		262.000
30	4	26.000			0.000		262.000
31	4	58.000			0.000		262.000
32	4	90.000			0.000		262.000
33	4	122.000			0.000		262.000
34	3	154.000			0.000		262.000
35	4	186.000			0.000		262.000
36	4	218.000			0.000		262.000
37	4	250.000			0.000		262.000
38	4	282.000			0.000		262.000
39	3	314.000			0.000		262.000
40	3	-294.000		0.000		230.000
41	4	-262.000		0.000		230.000
42	3	-230.000		0.000		230.000
43	3	-198.000		0.000		230.000
44	3	-166.000		0.000		230.000
45	4	-134.000		0.000		230.000
46	3	-102.000		0.000		230.000
47	3	-70.000			0.000		230.000
48	4	-38.000			0.000		230.000
49	3	-6.000			0.000		230.000
50	3	26.000			0.000		230.000
51	4	58.000			0.000		230.000
52	3	90.000			0.000		230.000
53	4	122.000			0.000		230.000
54	3	154.000			0.000		230.000
55	4	186.000			0.000		230.000
56	3	218.000			0.000		230.000
57	3	250.000			0.000		230.000
58	4	282.000			0.000		230.000
59	3	314.000			0.000		230.000
60	3	-294.000		0.000		198.000
61	4	-262.000		0.000		198.000
62	5	-230.000		0.000		198.000
63	5	-198.000		0.000		198.000
64	3	-166.000		0.000		198.000
65	4	-134.000		0.000		198.000
66	3	-102.000		0.000		198.000
67	3	-70.000			0.000		198.000
68	4	-38.000			0.000		198.000
69	3	-6.000			0.000		198.000
70	5	26.000			0.000		198.000
71	4	58.000			0.000		198.000
72	3	90.000			0.000		198.000
73	4	122.000			0.000		198.000
74	4	154.000			0.000		198.000
75	4	186.000			0.000		198.000
76	3	218.000			0.000		198.000
77	3	250.000			0.000		198.000
78	4	282.000			0.000		198.000
79	3	314.000			0.000		198.000
80	3	-294.000		0.000		166.000
81	4	-262.000		0.000		166.000
82	5	-230.000		0.000		166.000
83	5	-198.000		0.000		166.000
84	3	-166.000		0.000		166.000
85	4	-134.000		0.000		166.000
86	3	-102.000		0.000		166.000
87	3	-70.000			0.000		166.000
88	4	-38.000			0.000		166.000
89	3	-6.000			0.000		166.000
90	5	26.000			0.000		166.000
91	4	58.000			0.000		166.000
92	3	90.000			0.000		166.000
93	5	122.000			0.000		166.000
94	3	154.000			0.000		166.000
95	4	186.000			0.000		166.000
96	4	218.000			0.000		166.000
97	4	250.000			0.000		166.000
98	4	282.000			0.000		166.000
99	3	314.000			0.000		166.000
100	3	-294.000		0.000		134.000
101	4	-262.000		0.000		134.000
102	3	-230.000		0.000		134.000
103	3	-198.000		0.000		134.000
104	3	-166.000		0.000		134.000
105	4	-134.000		0.000		134.000
106	3	-102.000		0.000		134.000
107	3	-70.000			0.000		134.000
108	4	-38.000			0.000		134.000
109	3	-6.000			0.000		134.000
110	3	26.000			0.000		134.000
111	4	58.000			0.000		134.000
112	3	90.000			0.000		134.000
113	5	122.000			0.000		134.000
114	3	154.000			0.000		134.000
115	4	186.000			0.000		134.000
116	3	218.000			0.000		134.000
117	3	250.000			0.000		134.000
118	4	282.000			0.000		134.000
119	3	314.000			0.000		134.000
120	3	-294.000		0.000		102.000
121	4	-262.000		0.000		102.000
122	4	-230.000		0.000		102.000
123	4	-198.000		0.000		102.000
124	4	-166.000		0.000		102.000
125	4	-134.000		0.000		102.000
126	3	-102.000		0.000		102.000
127	3	-70.000			0.000		102.000
128	4	-38.000			0.000		102.000
129	4	-6.000			0.000		102.000
130	4	26.000			0.000		102.000
131	4	58.000			0.000		102.000
132	3	90.000			0.000		102.000
133	5	122.000			0.000		102.000
134	3	154.000			0.000		102.000
135	4	186.000			0.000		102.000
136	3	218.000			0.000		102.000
137	3	250.000			0.000		102.000
138	4	282.000			0.000		102.000
139	3	314.000			0.000		102.000
140	3	-294.000		0.000		70.000
141	3	-262.000		0.000		70.000
142	3	-230.000		0.000		70.000
143	3	-198.000		0.000		70.000
144	3	-166.000		0.000		70.000
145	4	-134.000		0.000		70.000
146	3	-102.000		0.000		70.000
147	3	-70.000			0.000		70.000
148	4	-38.000			0.000		70.000
149	3	-6.000			0.000		70.000
150	3	26.000			0.000		70.000
151	3	58.000			0.000		70.000
152	3	90.000			0.000		70.000
153	3	122.000			0.000		70.000
154	3	154.000			0.000		70.000
155	4	186.000			0.000		70.000
156	3	218.000			0.000		70.000
157	3	250.000			0.000		70.000
158	4	282.000			0.000		70.000
159	3	314.000			0.000		70.000
160	3	-294.000		0.000		38.000
161	4	-262.000		0.000		38.000
162	4	-230.000		0.000		38.000
163	4	-198.000		0.000		38.000
164	4	-166.000		0.000		38.000
165	4	-134.000		0.000		38.000
166	4	-102.000		0.000		38.000
167	4	-70.000			0.000		38.000
168	4	-38.000			0.000		38.000
169	4	-6.000			0.000		38.000
170	4	26.000			0.000		38.000
171	4	58.000			0.000		38.000
172	4	90.000			0.000		38.000
173	4	122.000			0.000		38.000
174	3	154.000			0.000		38.000
175	4	186.000			0.000		38.000
176	3	218.000			0.000		38.000
177	3	250.000			0.000		38.000
178	4	282.000			0.000		38.000
179	3	314.000			0.000		38.000
180	3	-294.000		0.000		6.000
181	4	-262.000		0.000		6.000
182	3	-230.000		0.000		6.000
183	3	-198.000		0.000		6.000
184	3	-166.000		0.000		6.000
185	3	-134.000		0.000		6.000
186	3	-102.000		0.000		6.000
187	3	-70.000			0.000		6.000
188	4	-38.000			0.000		6.000
189	5	-6.000			0.000		6.000
190	5	26.000			0.000		6.000
191	4	58.000			0.000		6.000
192	3	90.000			0.000		6.000
193	4	122.000			0.000		6.000
194	3	154.000			0.000		6.000
195	4	186.000			0.000		6.000
196	3	218.000			0.000		6.000
197	3	250.000			0.000		6.000
198	4	282.000			0.000		6.000
199	3	314.000			0.000		6.000
200	3	-294.000		0.000		-26.000
201	4	-262.000		0.000		-26.000
202	4	-230.000		0.000		-26.000
203	4	-198.000		0.000		-26.000
204	4	-166.000		0.000		-26.000
205	4	-134.000		0.000		-26.000
206	4	-102.000		0.000		-26.000
207	3	-70.000			0.000		-26.000
208	4	-38.000			0.000		-26.000
209	5	-6.000			0.000		-26.000
210	5	26.000			0.000		-26.000
211	4	58.000			0.000		-26.000
212	3	90.000			0.000		-26.000
213	4	122.000			0.000		-26.000
214	3	154.000			0.000		-26.000
215	4	186.000			0.000		-26.000
216	3	218.000			0.000		-26.000
217	3	250.000			0.000		-26.000
218	4	282.000			0.000		-26.000
219	3	314.000			0.000		-26.000
220	3	-294.000		0.000		-58.000
221	3	-262.000		0.000		-58.000
222	3	-230.000		0.000		-58.000
223	3	-198.000		0.000		-58.000
224	3	-166.000		0.000		-58.000
225	3	-134.000		0.000		-58.000
226	4	-102.000		0.000		-58.000
227	3	-70.000			0.000		-58.000
228	4	-38.000			0.000		-58.000
229	4	-6.000			0.000		-58.000
230	4	26.000			0.000		-58.000
231	4	58.000			0.000		-58.000
232	4	90.000			0.000		-58.000
233	4	122.000			0.000		-58.000
234	3	154.000			0.000		-58.000
235	4	186.000			0.000		-58.000
236	4	218.000			0.000		-58.000
237	4	250.000			0.000		-58.000
238	4	282.000			0.000		-58.000
239	3	314.000			0.000		-58.000
240	3	-294.000		0.000		-90.000
241	4	-262.000		0.000		-90.000
242	4	-230.000		0.000		-90.000
243	4	-198.000		0.000		-90.000
244	4	-166.000		0.000		-90.000
245	4	-134.000		0.000		-90.000
246	4	-102.000		0.000		-90.000
247	3	-70.000			0.000		-90.000
248	4	-38.000			0.000		-90.000
249	3	-6.000			0.000		-90.000
250	3	26.000			0.000		-90.000
251	3	58.000			0.000		-90.000
252	3	90.000			0.000		-90.000
253	4	122.000			0.000		-90.000
254	3	154.000			0.000		-90.000
255	3	186.000			0.000		-90.000
256	3	218.000			0.000		-90.000
257	3	250.000			0.000		-90.000
258	4	282.000			0.000		-90.000
259	3	314.000			0.000		-90.000
260	3	-294.000		0.000		-122.000
261	4	-262.000		0.000		-122.000
262	3	-230.000		0.000		-122.000
263	3	-198.000		0.000		-122.000
264	3	-166.000		0.000		-122.000
265	3	-134.000		0.000		-122.000
266	4	-102.000		0.000		-122.000
267	4	-70.000			0.000		-122.000
268	4	-38.000			0.000		-122.000
269	4	-6.000			0.000		-122.000
270	4	26.000			0.000		-122.000
271	3	58.000			0.000		-122.000
272	5	90.000			0.000		-122.000
273	4	122.000			0.000		-122.000
274	3	154.000			0.000		-122.000
275	4	186.000			0.000		-122.000
276	4	218.000			0.000		-122.000
277	4	250.000			0.000		-122.000
278	4	282.000			0.000		-122.000
279	3	314.000			0.000		-122.000
280	3	-294.000		0.000		-154.000
281	4	-262.000		0.000		-154.000
282	4	-230.000		0.000		-154.000
283	4	-198.000		0.000		-154.000
284	4	-166.000		0.000		-154.000
285	4	-134.000		0.000		-154.000
286	4	-102.000		0.000		-154.000
287	3	-70.000			0.000		-154.000
288	3	-38.000			0.000		-154.000
289	3	-6.000			0.000		-154.000
290	4	26.000			0.000		-154.000
291	3	58.000			0.000		-154.000
292	5	90.000			0.000		-154.000
293	4	122.000			0.000		-154.000
294	3	154.000			0.000		-154.000
295	4	186.000			0.000		-154.000
296	3	218.000			0.000		-154.000
297	3	250.000			0.000		-154.000
298	4	282.000			0.000		-154.000
299	3	314.000			0.000		-154.000
300	3	-294.000		0.000		-186.000
301	4	-262.000		0.000		-186.000
302	3	-230.000		0.000		-186.000
303	3	-198.000		0.000		-186.000
304	3	-166.000		0.000		-186.000
305	3	-134.000		0.000		-186.000
306	4	-102.000		0.000		-186.000
307	3	-70.000			0.000		-186.000
308	5	-38.000			0.000		-186.000
309	5	-6.000			0.000		-186.000
310	4	26.000			0.000		-186.000
311	3	58.000			0.000		-186.000
312	3	90.000			0.000		-186.000
313	4	122.000			0.000		-186.000
314	4	154.000			0.000		-186.000
315	4	186.000			0.000		-186.000
316	3	218.000			0.000		-186.000
317	3	250.000			0.000		-186.000
318	4	282.000			0.000		-186.000
319	3	314.000			0.000		-186.000
320	3	-294.000		0.000		-218.000
321	4	-262.000		0.000		-218.000
322	3	-230.000		0.000		-218.000
323	5	-198.000		0.000		-218.000
324	5	-166.000		0.000		-218.000
325	5	-134.000		0.000		-218.000
326	4	-102.000		0.000		-218.000
327	3	-70.000			0.000		-218.000
328	3	-38.000			0.000		-218.000
329	3	-6.000			0.000		-218.000
330	4	26.000			0.000		-218.000
331	4	58.000			0.000		-218.000
332	3	90.000			0.000		-218.000
333	5	122.000			0.000		-218.000
334	3	154.000			0.000		-218.000
335	4	186.000			0.000		-218.000
336	4	218.000			0.000		-218.000
337	4	250.000			0.000		-218.000
338	4	282.000			0.000		-218.000
339	3	314.000			0.000		-218.000
340	3	-294.000		0.000		-250.000
341	4	-262.000		0.000		-250.000
342	3	-230.000		0.000		-250.000
343	3	-198.000		0.000		-250.000
344	3	-166.000		0.000		-250.000
345	3	-134.000		0.000		-250.000
346	4	-102.000		0.000		-250.000
347	4	-70.000			0.000		-250.000
348	4	-38.000			0.000		-250.000
349	3	-6.000			0.000		-250.000
350	4	26.000			0.000		-250.000
351	4	58.000			0.000		-250.000
352	3	90.000			0.000		-250.000
353	3	122.000			0.000		-250.000
354	3	154.000			0.000		-250.000
355	4	186.000			0.000		-250.000
356	3	218.000			0.000		-250.000
357	3	250.000			0.000		-250.000
358	4	282.000			0.000		-250.000
359	3	314.000			0.000		-250.000
360	3	-294.000		0.000		-282.000
361	4	-262.000		0.000		-282.000
362	4	-230.000		0.000		-282.000
363	4	-198.000		0.000		-282.000
364	4	-166.000		0.000		-282.000
365	4	-134.000		0.000		-282.000
366	4	-102.000		0.000		-282.000
367	3	-70.000			0.000		-282.000
368	4	-38.000			0.000		-282.000
369	4	-6.000			0.000		-282.000
370	4	26.000			0.000		-282.000
371	4	58.000			0.000		-282.000
372	4	90.000			0.000		-282.000
373	4	122.000			0.000		-282.000
374	4	154.000			0.000		-282.000
375	4	186.000			0.000		-282.000
376	3	218.000			0.000		-282.000
377	5	250.000			0.000		-282.000
378	4	282.000			0.000		-282.000
379	3	314.000			0.000		-282.000
380	3	-294.000		0.000		-314.000
381	3	-262.000		0.000		-314.000
382	3	-230.000		0.000		-314.000
383	3	-198.000		0.000		-314.000
384	3	-166.000		0.000		-314.000
385	3	-134.000		0.000		-314.000
386	3	-102.000		0.000		-314.000
387	3	-70.000			0.000		-314.000
388	3	-38.000			0.000		-314.000
389	3	-6.000			0.000		-314.000
390	3	26.000			0.000		-314.000
391	3	58.000			0.000		-314.000
392	3	90.000			0.000		-314.000
393	3	122.000			0.000		-314.000
394	3	154.000			0.000		-314.000
395	3	186.000			0.000		-314.000
396	3	218.000			0.000		-314.000
397	3	250.000			0.000		-314.000
398	3	282.000			0.000		-314.000
399	3	314.000			0.000		-314.000
