20 0 1  -150.000000 0.000000 134.000000  0.000000 0.000000 0.000000  0.000000 90.000000 0.000000
40 1 1  -150.000000 0.000000 118.000000  0.000000 0.000000 0.000000  0.000000 90.000000 0.000000
60 2 1  -150.000000 0.000000 102.000000  0.000000 0.000000 0.000000  0.000000 90.000000 0.000000
80 3 1  -150.000000 0.000000 86.000000  0.000000 0.000000 0.000000  0.000000 90.000000 0.000000
100 4 1  -150.000000 0.000000 70.000000  0.000000 0.000000 0.000000  0.000000 90.000000 0.000000
120 5 1  -150.000000 0.000000 54.000000  0.000000 0.000000 0.000000  0.000000 90.000000 0.000000
140 6 1  -150.000000 0.000000 38.000000  0.000000 0.000000 0.000000  0.000000 90.000000 0.000000
160 7 1  -150.000000 0.000000 22.000000  0.000000 0.000000 0.000000  0.000000 90.000000 0.000000
180 8 1  -150.000000 0.000000 6.000000  0.000000 0.000000 0.000000  0.000000 90.000000 0.000000
200 9 1  -150.000000 0.000000 -10.000000  0.000000 0.000000 0.000000  0.000000 90.000000 0.000000
220 10 1  -150.000000 0.000000 -26.000000  0.000000 0.000000 0.000000  0.000000 90.000000 0.000000
240 11 1  -150.000000 0.000000 -42.000000  0.000000 0.000000 0.000000  0.000000 90.000000 0.000000
260 12 1  -150.000000 0.000000 -58.000000  0.000000 0.000000 0.000000  0.000000 90.000000 0.000000
280 13 1  -150.000000 0.000000 -74.000000  0.000000 0.000000 0.000000  0.000000 90.000000 0.000000
300 14 1  -150.000000 0.000000 -90.000000  0.000000 0.000000 0.000000  0.000000 90.000000 0.000000
320 15 1  -150.000000 0.000000 -106.000000  0.000000 0.000000 0.000000  0.000000 90.000000 0.000000
340 16 1  -150.000000 0.000000 -122.000000  0.000000 0.000000 0.000000  0.000000 90.000000 0.000000
360 17 1  -150.000000 0.000000 -138.000000  0.000000 0.000000 0.000000  0.000000 90.000000 0.000000
381 18 1  -134.000000 0.000000 -154.000000  0.000000 0.000000 0.000000  0.000000 180.000000 0.000000
382 19 1  -118.000000 0.000000 -154.000000  0.000000 0.000000 0.000000  0.000000 180.000000 0.000000
383 20 1  -102.000000 0.000000 -154.000000  0.000000 0.000000 0.000000  0.000000 180.000000 0.000000
384 21 1  -86.000000 0.000000 -154.000000  0.000000 0.000000 0.000000  0.000000 180.000000 0.000000
385 22 1  -70.000000 0.000000 -154.000000  0.000000 0.000000 0.000000  0.000000 180.000000 0.000000
386 23 1  -54.000000 0.000000 -154.000000  0.000000 0.000000 0.000000  0.000000 180.000000 0.000000
387 24 1  -38.000000 0.000000 -154.000000  0.000000 0.000000 0.000000  0.000000 180.000000 0.000000
388 25 1  -22.000000 0.000000 -154.000000  0.000000 0.000000 0.000000  0.000000 180.000000 0.000000
389 26 1  -6.000000 0.000000 -154.000000  0.000000 0.000000 0.000000  0.000000 180.000000 0.000000
390 27 1  10.000000 0.000000 -154.000000  0.000000 0.000000 0.000000  0.000000 180.000000 0.000000
391 28 1  26.000000 0.000000 -154.000000  0.000000 0.000000 0.000000  0.000000 180.000000 0.000000
392 29 1  42.000000 0.000000 -154.000000  0.000000 0.000000 0.000000  0.000000 180.000000 0.000000
393 30 1  58.000000 0.000000 -154.000000  0.000000 0.000000 0.000000  0.000000 180.000000 0.000000
394 31 1  74.000000 0.000000 -154.000000  0.000000 0.000000 0.000000  0.000000 180.000000 0.000000
395 32 1  90.000000 0.000000 -154.000000  0.000000 0.000000 0.000000  0.000000 180.000000 0.000000
396 33 1  106.000000 0.000000 -154.000000  0.000000 0.000000 0.000000  0.000000 180.000000 0.000000
397 34 1  122.000000 0.000000 -154.000000  0.000000 0.000000 0.000000  0.000000 180.000000 0.000000
398 35 1  138.000000 0.000000 -154.000000  0.000000 0.000000 0.000000  0.000000 180.000000 0.000000
379 36 1  154.000000 0.000000 -138.000000  0.000000 0.000000 0.000000  0.000000 -90.000000 0.000000
359 37 1  154.000000 0.000000 -122.000000  0.000000 0.000000 0.000000  0.000000 -90.000000 0.000000
339 38 1  154.000000 0.000000 -106.000000  0.000000 0.000000 0.000000  0.000000 -90.000000 0.000000
319 39 1  154.000000 0.000000 -90.000000  0.000000 0.000000 0.000000  0.000000 -90.000000 0.000000
299 40 1  154.000000 0.000000 -74.000000  0.000000 0.000000 0.000000  0.000000 -90.000000 0.000000
279 41 1  154.000000 0.000000 -58.000000  0.000000 0.000000 0.000000  0.000000 -90.000000 0.000000
259 42 1  154.000000 0.000000 -42.000000  0.000000 0.000000 0.000000  0.000000 -90.000000 0.000000
239 43 1  154.000000 0.000000 -26.000000  0.000000 0.000000 0.000000  0.000000 -90.000000 0.000000
219 44 1  154.000000 0.000000 -10.000000  0.000000 0.000000 0.000000  0.000000 -90.000000 0.000000
199 45 1  154.000000 0.000000 6.000000  0.000000 0.000000 0.000000  0.000000 -90.000000 0.000000
179 46 1  154.000000 0.000000 22.000000  0.000000 0.000000 0.000000  0.000000 -90.000000 0.000000
159 47 1  154.000000 0.000000 38.000000  0.000000 0.000000 0.000000  0.000000 -90.000000 0.000000
139 48 1  154.000000 0.000000 54.000000  0.000000 0.000000 0.000000  0.000000 -90.000000 0.000000
119 49 1  154.000000 0.000000 70.000000  0.000000 0.000000 0.000000  0.000000 -90.000000 0.000000
99 50 1  154.000000 0.000000 86.000000  0.000000 0.000000 0.000000  0.000000 -90.000000 0.000000
79 51 1  154.000000 0.000000 102.000000  0.000000 0.000000 0.000000  0.000000 -90.000000 0.000000
59 52 1  154.000000 0.000000 118.000000  0.000000 0.000000 0.000000  0.000000 -90.000000 0.000000
39 53 1  154.000000 0.000000 134.000000  0.000000 0.000000 0.000000  0.000000 -90.000000 0.000000
18 54 1  138.000000 0.000000 150.000000  0.000000 0.000000 0.000000  0.000000 0.000000 0.000000
17 55 1  122.000000 0.000000 150.000000  0.000000 0.000000 0.000000  0.000000 0.000000 0.000000
16 56 1  106.000000 0.000000 150.000000  0.000000 0.000000 0.000000  0.000000 0.000000 0.000000
15 57 1  90.000000 0.000000 150.000000  0.000000 0.000000 0.000000  0.000000 0.000000 0.000000
14 58 1  74.000000 0.000000 150.000000  0.000000 0.000000 0.000000  0.000000 0.000000 0.000000
13 59 1  58.000000 0.000000 150.000000  0.000000 0.000000 0.000000  0.000000 0.000000 0.000000
12 60 1  42.000000 0.000000 150.000000  0.000000 0.000000 0.000000  0.000000 0.000000 0.000000
11 61 1  26.000000 0.000000 150.000000  0.000000 0.000000 0.000000  0.000000 0.000000 0.000000
10 62 1  10.000000 0.000000 150.000000  0.000000 0.000000 0.000000  0.000000 0.000000 0.000000
9 63 1  -6.000000 0.000000 150.000000  0.000000 0.000000 0.000000  0.000000 0.000000 0.000000
8 64 1  -22.000000 0.000000 150.000000  0.000000 0.000000 0.000000  0.000000 0.000000 0.000000
7 65 1  -38.000000 0.000000 150.000000  0.000000 0.000000 0.000000  0.000000 0.000000 0.000000
6 66 1  -54.000000 0.000000 150.000000  0.000000 0.000000 0.000000  0.000000 0.000000 0.000000
5 67 1  -70.000000 0.000000 150.000000  0.000000 0.000000 0.000000  0.000000 0.000000 0.000000
4 68 1  -86.000000 0.000000 150.000000  0.000000 0.000000 0.000000  0.000000 0.000000 0.000000
3 69 1  -102.000000 0.000000 150.000000  0.000000 0.000000 0.000000  0.000000 0.000000 0.000000
2 70 1  -118.000000 0.000000 150.000000  0.000000 0.000000 0.000000  0.000000 0.000000 0.000000
1 71 1  -134.000000 0.000000 150.000000  0.000000 0.000000 0.000000  0.000000 0.000000 0.000000
42 72 1  -118.000000 0.000000 118.000000  0.000000 0.000000 0.000000  0.000000 180.000000 0.000000
43 73 1  -102.000000 0.000000 118.000000  0.000000 0.000000 0.000000  0.000000 180.000000 0.000000
44 74 1  -86.000000 0.000000 118.000000  0.000000 0.000000 0.000000  0.000000 180.000000 0.000000
64 75 1  -86.000000 0.000000 102.000000  0.000000 0.000000 0.000000  0.000000 90.000000 0.000000
84 76 1  -86.000000 0.000000 86.000000  0.000000 0.000000 0.000000  0.000000 90.000000 0.000000
104 77 1  -86.000000 0.000000 70.000000  0.000000 0.000000 0.000000  0.000000 0.000000 0.000000
103 78 1  -102.000000 0.000000 70.000000  0.000000 0.000000 0.000000  0.000000 0.000000 0.000000
102 79 1  -118.000000 0.000000 70.000000  0.000000 0.000000 0.000000  0.000000 0.000000 0.000000
26 80 1  -54.000000 0.000000 134.000000  0.000000 0.000000 0.000000  0.000000 -90.000000 0.000000
46 81 1  -54.000000 0.000000 118.000000  0.000000 0.000000 0.000000  0.000000 -90.000000 0.000000
66 82 1  -54.000000 0.000000 102.000000  0.000000 0.000000 0.000000  0.000000 -90.000000 0.000000
86 83 1  -54.000000 0.000000 86.000000  0.000000 0.000000 0.000000  0.000000 -90.000000 0.000000
106 84 1  -54.000000 0.000000 70.000000  0.000000 0.000000 0.000000  0.000000 -90.000000 0.000000
126 85 1  -54.000000 0.000000 54.000000  0.000000 0.000000 0.000000  0.000000 -90.000000 0.000000
146 86 1  -54.000000 0.000000 38.000000  0.000000 0.000000 0.000000  0.000000 -90.000000 0.000000
144 87 1  -86.000000 0.000000 38.000000  0.000000 0.000000 0.000000  0.000000 180.000000 0.000000
142 88 1  -118.000000 0.000000 38.000000  0.000000 0.000000 0.000000  0.000000 180.000000 0.000000
143 89 1  -102.000000 0.000000 38.000000  0.000000 0.000000 0.000000  0.000000 180.000000 0.000000
141 90 1  -134.000000 0.000000 38.000000  0.000000 0.000000 0.000000  0.000000 180.000000 0.000000
147 91 1  -38.000000 0.000000 38.000000  0.000000 0.000000 0.000000  0.000000 90.000000 0.000000
127 92 1  -38.000000 0.000000 54.000000  0.000000 0.000000 0.000000  0.000000 90.000000 0.000000
107 93 1  -38.000000 0.000000 70.000000  0.000000 0.000000 0.000000  0.000000 90.000000 0.000000
87 94 1  -38.000000 0.000000 86.000000  0.000000 0.000000 0.000000  0.000000 90.000000 0.000000
67 95 1  -38.000000 0.000000 102.000000  0.000000 0.000000 0.000000  0.000000 90.000000 0.000000
47 96 1  -38.000000 0.000000 118.000000  0.000000 0.000000 0.000000  0.000000 90.000000 0.000000
27 97 1  -38.000000 0.000000 134.000000  0.000000 0.000000 0.000000  0.000000 90.000000 0.000000
49 98 1  -6.000000 0.000000 118.000000  0.000000 0.000000 0.000000  0.000000 -90.000000 0.000000
69 99 1  -6.000000 0.000000 102.000000  0.000000 0.000000 0.000000  0.000000 -90.000000 0.000000
89 100 1  -6.000000 0.000000 86.000000  0.000000 0.000000 0.000000  0.000000 -90.000000 0.000000
109 101 1  -6.000000 0.000000 70.000000  0.000000 0.000000 0.000000  0.000000 -90.000000 0.000000
110 102 1  10.000000 0.000000 70.000000  0.000000 0.000000 0.000000  0.000000 0.000000 0.000000
50 103 1  10.000000 0.000000 118.000000  0.000000 0.000000 0.000000  0.000000 180.000000 0.000000
52 104 1  42.000000 0.000000 118.000000  0.000000 0.000000 0.000000  0.000000 -90.000000 0.000000
72 105 1  42.000000 0.000000 102.000000  0.000000 0.000000 0.000000  0.000000 -90.000000 0.000000
92 106 1  42.000000 0.000000 86.000000  0.000000 0.000000 0.000000  0.000000 -90.000000 0.000000
112 107 1  42.000000 0.000000 70.000000  0.000000 0.000000 0.000000  0.000000 -90.000000 0.000000
132 108 1  42.000000 0.000000 54.000000  0.000000 0.000000 0.000000  0.000000 -90.000000 0.000000
149 109 1  -6.000000 0.000000 38.000000  0.000000 0.000000 0.000000  0.000000 0.000000 0.000000
150 110 1  10.000000 0.000000 38.000000  0.000000 0.000000 0.000000  0.000000 0.000000 0.000000
151 111 1  26.000000 0.000000 38.000000  0.000000 0.000000 0.000000  0.000000 0.000000 0.000000
152 112 1  42.000000 0.000000 38.000000  0.000000 0.000000 0.000000  0.000000 0.000000 0.000000
153 113 1  58.000000 0.000000 38.000000  0.000000 0.000000 0.000000  0.000000 0.000000 0.000000
154 114 1  74.000000 0.000000 38.000000  0.000000 0.000000 0.000000  0.000000 0.000000 0.000000
134 115 1  74.000000 0.000000 54.000000  0.000000 0.000000 0.000000  0.000000 90.000000 0.000000
114 116 1  74.000000 0.000000 70.000000  0.000000 0.000000 0.000000  0.000000 90.000000 0.000000
94 117 1  74.000000 0.000000 86.000000  0.000000 0.000000 0.000000  0.000000 90.000000 0.000000
54 118 1  74.000000 0.000000 118.000000  0.000000 0.000000 0.000000  0.000000 90.000000 0.000000
34 119 1  74.000000 0.000000 134.000000  0.000000 0.000000 0.000000  0.000000 90.000000 0.000000
56 120 1  106.000000 0.000000 118.000000  0.000000 0.000000 0.000000  0.000000 -90.000000 0.000000
76 121 1  106.000000 0.000000 102.000000  0.000000 0.000000 0.000000  0.000000 -90.000000 0.000000
77 122 1  122.000000 0.000000 102.000000  0.000000 0.000000 0.000000  0.000000 90.000000 0.000000
57 123 1  122.000000 0.000000 118.000000  0.000000 0.000000 0.000000  0.000000 90.000000 0.000000
116 124 1  106.000000 0.000000 70.000000  0.000000 0.000000 0.000000  0.000000 -90.000000 0.000000
136 125 1  106.000000 0.000000 54.000000  0.000000 0.000000 0.000000  0.000000 -90.000000 0.000000
156 126 1  106.000000 0.000000 38.000000  0.000000 0.000000 0.000000  0.000000 -90.000000 0.000000
176 127 1  106.000000 0.000000 22.000000  0.000000 0.000000 0.000000  0.000000 -90.000000 0.000000
196 128 1  106.000000 0.000000 6.000000  0.000000 0.000000 0.000000  0.000000 -90.000000 0.000000
216 129 1  106.000000 0.000000 -10.000000  0.000000 0.000000 0.000000  0.000000 -90.000000 0.000000
217 130 1  122.000000 0.000000 -10.000000  0.000000 0.000000 0.000000  0.000000 90.000000 0.000000
197 131 1  122.000000 0.000000 6.000000  0.000000 0.000000 0.000000  0.000000 90.000000 0.000000
177 132 1  122.000000 0.000000 22.000000  0.000000 0.000000 0.000000  0.000000 90.000000 0.000000
157 133 1  122.000000 0.000000 38.000000  0.000000 0.000000 0.000000  0.000000 90.000000 0.000000
137 134 1  122.000000 0.000000 54.000000  0.000000 0.000000 0.000000  0.000000 90.000000 0.000000
117 135 1  122.000000 0.000000 70.000000  0.000000 0.000000 0.000000  0.000000 90.000000 0.000000
182 136 1  -118.000000 0.000000 6.000000  0.000000 0.000000 0.000000  0.000000 0.000000 0.000000
183 137 1  -102.000000 0.000000 6.000000  0.000000 0.000000 0.000000  0.000000 0.000000 0.000000
184 138 1  -86.000000 0.000000 6.000000  0.000000 0.000000 0.000000  0.000000 0.000000 0.000000
185 139 1  -70.000000 0.000000 6.000000  0.000000 0.000000 0.000000  0.000000 0.000000 0.000000
186 140 1  -54.000000 0.000000 6.000000  0.000000 0.000000 0.000000  0.000000 0.000000 0.000000
187 141 1  -38.000000 0.000000 6.000000  0.000000 0.000000 0.000000  0.000000 90.000000 0.000000
207 142 1  -38.000000 0.000000 -10.000000  0.000000 0.000000 0.000000  0.000000 -90.000000 0.000000
227 143 1  -38.000000 0.000000 -26.000000  0.000000 0.000000 0.000000  0.000000 -90.000000 0.000000
247 144 1  -38.000000 0.000000 -42.000000  0.000000 0.000000 0.000000  0.000000 -90.000000 0.000000
221 145 1  -134.000000 0.000000 -26.000000  0.000000 0.000000 0.000000  0.000000 180.000000 0.000000
222 146 1  -118.000000 0.000000 -26.000000  0.000000 0.000000 0.000000  0.000000 180.000000 0.000000
223 147 1  -102.000000 0.000000 -26.000000  0.000000 0.000000 0.000000  0.000000 180.000000 0.000000
224 148 1  -86.000000 0.000000 -26.000000  0.000000 0.000000 0.000000  0.000000 180.000000 0.000000
225 149 1  -70.000000 0.000000 -26.000000  0.000000 0.000000 0.000000  0.000000 180.000000 0.000000
262 150 1  -118.000000 0.000000 -58.000000  0.000000 0.000000 0.000000  0.000000 0.000000 0.000000
263 151 1  -102.000000 0.000000 -58.000000  0.000000 0.000000 0.000000  0.000000 0.000000 0.000000
264 152 1  -86.000000 0.000000 -58.000000  0.000000 0.000000 0.000000  0.000000 0.000000 0.000000
265 153 1  -70.000000 0.000000 -58.000000  0.000000 0.000000 0.000000  0.000000 0.000000 0.000000
302 154 1  -118.000000 0.000000 -90.000000  0.000000 0.000000 0.000000  0.000000 180.000000 0.000000
303 155 1  -102.000000 0.000000 -90.000000  0.000000 0.000000 0.000000  0.000000 180.000000 0.000000
304 156 1  -86.000000 0.000000 -90.000000  0.000000 0.000000 0.000000  0.000000 180.000000 0.000000
305 157 1  -70.000000 0.000000 -90.000000  0.000000 0.000000 0.000000  0.000000 180.000000 0.000000
322 158 1  -118.000000 0.000000 -106.000000  0.000000 0.000000 0.000000  0.000000 -90.000000 0.000000
342 159 1  -118.000000 0.000000 -122.000000  0.000000 0.000000 0.000000  0.000000 0.000000 0.000000
343 160 1  -102.000000 0.000000 -122.000000  0.000000 0.000000 0.000000  0.000000 0.000000 0.000000
344 161 1  -86.000000 0.000000 -122.000000  0.000000 0.000000 0.000000  0.000000 0.000000 0.000000
345 162 1  -70.000000 0.000000 -122.000000  0.000000 0.000000 0.000000  0.000000 0.000000 0.000000
367 163 1  -38.000000 0.000000 -138.000000  0.000000 0.000000 0.000000  0.000000 -90.000000 0.000000
327 164 1  -38.000000 0.000000 -106.000000  0.000000 0.000000 0.000000  0.000000 -90.000000 0.000000
307 165 1  -38.000000 0.000000 -90.000000  0.000000 0.000000 0.000000  0.000000 -90.000000 0.000000
287 166 1  -38.000000 0.000000 -74.000000  0.000000 0.000000 0.000000  0.000000 -90.000000 0.000000
328 167 1  -22.000000 0.000000 -106.000000  0.000000 0.000000 0.000000  0.000000 0.000000 0.000000
329 168 1  -6.000000 0.000000 -106.000000  0.000000 0.000000 0.000000  0.000000 90.000000 0.000000
349 169 1  -6.000000 0.000000 -122.000000  0.000000 0.000000 0.000000  0.000000 -90.000000 0.000000
288 170 1  -22.000000 0.000000 -74.000000  0.000000 0.000000 0.000000  0.000000 180.000000 0.000000
289 171 1  -6.000000 0.000000 -74.000000  0.000000 0.000000 0.000000  0.000000 180.000000 0.000000
249 172 1  -6.000000 0.000000 -42.000000  0.000000 0.000000 0.000000  0.000000 180.000000 0.000000
250 173 1  10.000000 0.000000 -42.000000  0.000000 0.000000 0.000000  0.000000 180.000000 0.000000
251 174 1  26.000000 0.000000 -42.000000  0.000000 0.000000 0.000000  0.000000 180.000000 0.000000
252 175 1  42.000000 0.000000 -42.000000  0.000000 0.000000 0.000000  0.000000 180.000000 0.000000
271 176 1  26.000000 0.000000 -58.000000  0.000000 0.000000 0.000000  0.000000 -90.000000 0.000000
291 177 1  26.000000 0.000000 -74.000000  0.000000 0.000000 0.000000  0.000000 -90.000000 0.000000
311 178 1  26.000000 0.000000 -90.000000  0.000000 0.000000 0.000000  0.000000 -90.000000 0.000000
312 179 1  42.000000 0.000000 -90.000000  0.000000 0.000000 0.000000  0.000000 90.000000 0.000000
332 180 1  42.000000 0.000000 -106.000000  0.000000 0.000000 0.000000  0.000000 -90.000000 0.000000
352 181 1  42.000000 0.000000 -122.000000  0.000000 0.000000 0.000000  0.000000 -90.000000 0.000000
353 182 1  58.000000 0.000000 -122.000000  0.000000 0.000000 0.000000  0.000000 0.000000 0.000000
354 183 1  74.000000 0.000000 -122.000000  0.000000 0.000000 0.000000  0.000000 0.000000 0.000000
334 184 1  74.000000 0.000000 -106.000000  0.000000 0.000000 0.000000  0.000000 90.000000 0.000000
376 185 1  106.000000 0.000000 -138.000000  0.000000 0.000000 0.000000  0.000000 -90.000000 0.000000
356 186 1  106.000000 0.000000 -122.000000  0.000000 0.000000 0.000000  0.000000 -90.000000 0.000000
357 187 1  122.000000 0.000000 -122.000000  0.000000 0.000000 0.000000  0.000000 180.000000 0.000000
317 188 1  122.000000 0.000000 -90.000000  0.000000 0.000000 0.000000  0.000000 0.000000 0.000000
297 189 1  122.000000 0.000000 -74.000000  0.000000 0.000000 0.000000  0.000000 180.000000 0.000000
296 190 1  106.000000 0.000000 -74.000000  0.000000 0.000000 0.000000  0.000000 -90.000000 0.000000
316 191 1  106.000000 0.000000 -90.000000  0.000000 0.000000 0.000000  0.000000 -90.000000 0.000000
294 192 1  74.000000 0.000000 -74.000000  0.000000 0.000000 0.000000  0.000000 -90.000000 0.000000
274 193 1  74.000000 0.000000 -58.000000  0.000000 0.000000 0.000000  0.000000 -90.000000 0.000000
254 194 1  74.000000 0.000000 -42.000000  0.000000 0.000000 0.000000  0.000000 -90.000000 0.000000
234 195 1  74.000000 0.000000 -26.000000  0.000000 0.000000 0.000000  0.000000 -90.000000 0.000000
214 196 1  74.000000 0.000000 -10.000000  0.000000 0.000000 0.000000  0.000000 -90.000000 0.000000
194 197 1  74.000000 0.000000 6.000000  0.000000 0.000000 0.000000  0.000000 -90.000000 0.000000
255 198 1  90.000000 0.000000 -42.000000  0.000000 0.000000 0.000000  0.000000 0.000000 0.000000
256 199 1  106.000000 0.000000 -42.000000  0.000000 0.000000 0.000000  0.000000 0.000000 0.000000
257 200 1  122.000000 0.000000 -42.000000  0.000000 0.000000 0.000000  0.000000 0.000000 0.000000
212 201 1  42.000000 0.000000 -10.000000  0.000000 0.000000 0.000000  0.000000 -90.000000 0.000000
192 202 1  42.000000 0.000000 6.000000  0.000000 0.000000 0.000000  0.000000 -90.000000 0.000000
192 202 1  -160.000000 8.000000 0.000000  3.000000 20.000000 320.000000  0.000000 0.000000 0.000000
192 202 1  160.000000 8.000000 0.000000  3.000000 20.000000 320.000000  0.000000 0.000000 0.000000
192 202 1  0.000000 8.000000 -160.000000  3.000000 20.000000 320.000000  0.000000 90.000000 0.000000
192 202 1  0.000000 8.000000 160.000000  3.000000 20.000000 320.000000  0.000000 90.000000 0.000000
